intrinsic:
340.23884823   0.0         289.48987727
0.0         337.9775266  287.1222486
0.0 0.0 1.0
distortion:
-0.49546901  0.49233904 -0.00064493  0.00323283 -0.29038023
