intrinsic:
307.94993586   0.0         303.50968751
0.0         307.34262147 250.00727014
0.0 0.0 1.0 
distortion:
-0.32488872  0.12009237  0.00186811 -0.00246485 -0.00695605
